State Policy  Utility

Policy 1
0     -1      0
1     1      0.188755
2     2      0.52432
3     3      0.884032
4     4      1.45644
5     5      1.9355
6     6      2.45564
7     7      3.53109
8     8      4.04568
9     9      4.55741
10     10      5.3764
11     11      6.16347
12     12      6.82123
13     13      9.43313
14     14      9.80858
15     15      10.3764
16     16      11.238
17     17      11.7922
18     18      12.6595
19     19      14.4251
20     20      14.9344
21     21      15.699
22     22      17.1207
23     23      17.8087
24     24      18.9479
25     25      25.92
26     26      26.2031
27     27      26.7065
28     28      27.246
29     29      28.1047
30     30      28.8233
31     31      29.6035
32     32      31.2166
33     33      31.9885
34     34      32.7561
35     35      33.9846
36     36      35.1652
37     37      36.1519
38     38      40.0697
39     39      40.6329
40     40      41.4846
41     41      42.777
42     42      43.6083
43     43      44.9092
44     44      47.5576
45     45      48.3217
46     46      49.4685
47     47      51.6011
48     48      52.633
49     49      54.3418
50     50      72
51     49      72.2831
52     48      72.7865
53     47      73.326
54     46      74.1847
55     45      74.9033
56     44      75.6835
57     43      77.2966
58     42      78.0685
59     41      78.8361
60     40      80.0646
61     39      81.2452
62     38      82.2319
63     37      86.1497
64     36      86.7129
65     35      87.5646
66     34      88.857
67     33      89.6883
68     32      90.9892
69     31      93.6376
70     30      94.4017
71     29      95.5485
72     28      97.6811
73     27      98.713
74     26      100.422
75     25      110.88
76     24      111.305
77     23      112.06
78     22      112.869
79     21      114.157
80     20      115.235
81     19      116.405
82     18      118.825
83     17      119.983
84     16      121.134
85     15      122.977
86     14      124.748
87     13      126.228
88     12      132.105
89     11      132.949
90     10      134.227
91     9      136.165
92     8      137.412
93     7      139.364
94     6      143.336
95     5      144.482
96     4      146.203
97     3      149.402
98     2      150.949
99     1      153.513
100     -1      200

Policy 2
0      -1      0
1      1      2.11428e-29
2      1      5.94427e-29
3      1      1.33405e-28
4      1      2.85354e-28
5      1      5.92543e-28
6      1      1.23217e-27
7      1      2.53388e-27
8      1      5.23802e-27
9      1      1.07492e-26
10      1      2.2157e-26
11      1      4.54235e-26
12      1      9.34345e-26
13      1      1.91405e-25
14      1      3.9307e-25
15      1      8.04753e-25
16      1      1.65054e-24
17      1      3.37769e-24
18      1      6.92084e-24
19      1      1.4158e-23
20      1      2.89883e-23
21      1      5.92859e-23
22      1      1.21321e-22
23      1      2.48075e-22
24      1      5.07457e-22
25      1      1.03749e-21
26      1      2.12168e-21
27      1      4.33733e-21
28      1      8.86821e-21
29      1      1.81279e-20
30      1      3.706e-20
31      1      7.57525e-20
32      1      1.54852e-19
33      1      3.16516e-19
34      1      6.4698e-19
35      1      1.32239e-18
36      1      2.70296e-18
37      1      5.52464e-18
38      1      1.12921e-17
39      1      2.30799e-17
40      1      4.71735e-17
41      1      9.64176e-17
42      1      1.97068e-16
43      1      4.02785e-16
44      1      8.2325e-16
45      1      1.68263e-15
46      1      3.4391e-15
47      1      7.02911e-15
48      1      1.43667e-14
49      1      2.93638e-14
50      1      6.00161e-14
51      1      1.22666e-13
52      1      2.50714e-13
53      1      5.12429e-13
54      1      1.04734e-12
55      1      2.14064e-12
56      1      4.37522e-12
57      1      8.94242e-12
58      1      1.82772e-11
59      1      3.73564e-11
60      1      7.63521e-11
61      1      1.56054e-10
62      1      3.18956e-10
63      1      6.51908e-10
64      1      1.33242e-09
65      1      2.72331e-09
66      1      5.56611e-09
67      1      1.13765e-08
68      1      2.32521e-08
69      1      4.75245e-08
70      1      9.71344e-08
71      1      1.98531e-07
72      1      4.05773e-07
73      1      8.29352e-07
74      1      1.69509e-06
75      1      3.46457e-06
76      1      7.08116e-06
77      1      1.4473e-05
78      1      2.95811e-05
79      1      6.04603e-05
80      1      0.000123574
81      1      0.000252569
82      1      0.000516221
83      1      0.00105509
84      1      0.00215648
85      1      0.00440759
86      1      0.00900859
87      1      0.0184125
88      1      0.0376329
89      1      0.076917
90      1      0.157209
91      1      0.321316
92      1      0.656732
93      1      1.34228
94      1      2.74346
95      1      5.6073
96      1      11.4606
97      1      23.4242
98      1      47.8762
99      1      97.8531
100      -1      200

Optimal Policy (Value Iteration)
0      0     0
1      1     0.188755
2      2     0.52432
3      3     0.884032
4      4     1.45644
5      5     1.9355
6      6     2.45564
7      7     3.53109
8      8     4.04568
9      9     4.55741
10      10     5.3764
11      11     6.16347
12      12     6.82123
13      13     9.43313
14      11     9.80858
15      15     10.3764
16      9     11.238
17      8     11.7922
18      18     12.6595
19      6     14.4251
20      5     14.9344
21      4     15.699
22      3     17.1207
23      2     17.8087
24      1     18.9479
25      25     25.92
26      26     26.2031
27      23     26.7065
28      22     27.246
29      21     28.1047
30      20     28.8233
31      19     29.6035
32      18     31.2166
33      17     31.9885
34      16     32.7561
35      15     33.9846
36      36     35.1652
37      13     36.1519
38      38     40.0697
39      11     40.6329
40      10     41.4846
41      41     42.777
42      8     43.6083
43      7     44.9092
44      6     47.5576
45      5     48.3217
46      4     49.4685
47      3     51.6011
48      2     52.633
49      1     54.3418
50      50     72
51      49     72.2831
52      48     72.7865
53      47     73.326
54      46     74.1847
55      45     74.9033
56      44     75.6835
57      43     77.2966
58      42     78.0685
59      41     78.8361
60      40     80.0646
61      39     81.2452
62      38     82.2319
63      37     86.1497
64      36     86.7129
65      35     87.5646
66      34     88.857
67      33     89.6883
68      32     90.9892
69      31     93.6376
70      30     94.4017
71      29     95.5485
72      28     97.6811
73      27     98.713
74      26     100.422
75      25     110.88
76      24     111.305
77      23     112.06
78      22     112.869
79      21     114.157
80      20     115.235
81      19     116.405
82      18     118.825
83      17     119.983
84      16     121.134
85      15     122.977
86      14     124.748
87      13     126.228
88      12     132.105
89      11     132.949
90      10     134.227
91      9     136.165
92      8     137.412
93      7     139.364
94      6     143.336
95      5     144.482
96      4     146.203
97      3     149.402
98      2     150.949
99      1     153.513
100      0     200

Optimal Policy (Policy Iteration)
0     0      0
1     1      0.188755
2     2      0.52432
3     3      0.884032
4     4      1.45644
5     5      1.9355
6     6      2.45564
7     7      3.53109
8     8      4.04568
9     9      4.55741
10     10      5.3764
11     11      6.16347
12     12      6.82123
13     13      9.43313
14     14      9.80858
15     15      10.3764
16     16      11.238
17     8      11.7922
18     18      12.6595
19     6      14.4251
20     5      14.9344
21     21      15.699
22     22      17.1207
23     2      17.8087
24     1      18.9479
25     25      25.92
26     26      26.2031
27     27      26.7065
28     28      27.246
29     29      28.1047
30     20      28.8233
31     19      29.6035
32     32      31.2166
33     17      31.9885
34     16      32.7561
35     35      33.9846
36     36      35.1652
37     13      36.1519
38     38      40.0697
39     11      40.6329
40     10      41.4846
41     41      42.777
42     42      43.6083
43     43      44.9092
44     44      47.5576
45     5      48.3217
46     4      49.4685
47     3      51.6011
48     2      52.633
49     1      54.3418
50     50      72
51     49      72.2831
52     48      72.7865
53     47      73.326
54     46      74.1847
55     45      74.9033
56     44      75.6835
57     43      77.2966
58     42      78.0685
59     41      78.8361
60     40      80.0646
61     39      81.2452
62     38      82.2319
63     37      86.1497
64     36      86.7129
65     35      87.5646
66     34      88.857
67     33      89.6883
68     32      90.9892
69     31      93.6376
70     30      94.4017
71     29      95.5485
72     28      97.6811
73     27      98.713
74     26      100.422
75     25      110.88
76     24      111.305
77     23      112.06
78     22      112.869
79     21      114.157
80     20      115.235
81     19      116.405
82     18      118.825
83     17      119.983
84     16      121.134
85     15      122.977
86     14      124.748
87     13      126.228
88     12      132.105
89     11      132.949
90     10      134.227
91     9      136.165
92     8      137.412
93     7      139.364
94     6      143.336
95     5      144.482
96     4      146.203
97     3      149.402
98     2      150.949
99     1      153.513
100     0      200